2 2 
16 16 
54 54 
191 191 
313 313 
547 547 
801 801 
1632 1632 
2066 2066 
2648 2648 
3310 3310 
4484 4484 
5422 5422 
6496 6496 
7758 7758 
12583 12583 
14217 14217 
15927 15927 
17981 17981 
20343 20343 
22865 22865 
25355 25355 
28393 28393 
33987 33987 
37589 37589 
41003 41003 
45217 45217 
49007 49007 
53881 53881 
58363 58363 
63945 63945 
92696 92696 
99034 99034 
104728 104728 
111870 111870 
117328 117328 
125322 125322 
132372 132372 
141266 141266 
149608 149608 
159450 159450 
168000 168000 
178838 178838 
186204 186204 
198086 198086 
208280 208280 
221254 221254 
248284 248284 
262398 262398 
274380 274380 
289682 289682 
299196 299196 
315734 315734 
329648 329648 
347470 347470 
357168 357168 
376322 376322 
392312 392312 
412846 412846 
424748 424748 
446710 446710 
464920 464920 
488358 488358 
667311 667311 
692273 692273 
712847 712847 
739381 739381 
753911 753911 
782065 782065 
805147 805147 
834969 834969 
844631 844631 
876169 876169 
901903 901903 
935205 935205 
952603 952603 
987717 987717 
1016247 1016247 
1053221 1053221 
1076063 1076063 
1114945 1114945 
1146415 1146415 
1187253 1187253 
1207759 1207759 
1250601 1250601 
1285155 1285155 
1330049 1330049 
1338283 1338283 
1385277 1385277 
1423059 1423059 
1472201 1472201 
1496055 1496055 
1547393 1547393 
1588547 1588547 
1642129 1642129 
1779467 1779467 
1835341 1835341 
1880011 1880011 
1938225 1938225 
1965667 1965667 
2026269 2026269 
2074599 2074599 
2137637 2137637 
2143051 2143051 
2208573 2208573 
2260707 2260707 
2328761 2328761 
2360031 2360031 
2430665 2430665 
2486747 2486747 
2560009 2560009 
2556631 2556631 
2632569 2632569 
2692743 2692743 
2771405 2771405 
2806743 2806743 
2888177 2888177 
2952587 2952587 
3036841 3036841 
3038043 3038043 
3125165 3125165 
3193955 3193955 
3283993 3283993 
3323639 3323639 
3416641 3416641 
3489955 3489955 
3585969 3585969 
4744912 4744912 
4843986 4843986 
4921968 4921968 
5024150 5024150 
5068344 5068344 
5173682 5173682 
5256476 5256476 
5365018 5365018 
5360616 5360616 
5472410 5472410 
5560160 5560160 
5675254 5675254 
5724236 5724236 
5842678 5842678 
5935528 5935528 
6057366 6057366 
6005736 6005736 
6131018 6131018 
6229112 6229112 
6357886 6357886 
6411896 6411896 
6544210 6544210 
6647692 6647692 
6783594 6783594 
6772196 6772196 
6911734 6911734 
7020748 7020748 
7163970 7163970 
7223248 7223248 
7370202 7370202 
7484892 7484892 
7635626 7635626 
7647648 7647648 
7802210 7802210 
7922720 7922720 
8081158 8081158 
8145944 8145944 
8308306 8308306 
8434780 8434780 
8601114 8601114 
8581328 8581328 
8751682 8751682 
8884264 8884264 
9058686 9058686 
9129220 9129220 
9307758 9307758 
9446592 9446592 
9629294 9629294 
9507380 9507380 
9694294 9694294 
9839524 9839524 
10030698 10030698 
10107220 10107220 
10302702 10302702 
10454472 10454472 
10654310 10654310 
10624744 10624744 
10828986 10828986 
10987440 10987440 
11196134 11196134 
11278884 11278884 
11492078 11492078 
11657360 11657360 
11875102 11875102 
12622164 12622164 
12844502 12844502 
13016756 13016756 
13243738 13243738 
13332956 13332956 
13564630 13564630 
13744000 13744000 
13980414 13980414 
13939676 13939676 
14180878 14180878 
14367508 14367508 
14613546 14613546 
14709472 14709472 
14960394 14960394 
15154428 15154428 
15410282 15410282 
15196052 15196052 
15456886 15456886 
15658468 15658468 
15924330 15924330 
16027204 16027204 
16298142 16298142 
16507416 16507416 
16783478 16783478 
16730176 16730176 
17011410 17011410 
17228520 17228520 
17514974 17514974 
17625036 17625036 
17916758 17916758 
18141848 18141848 
18438886 18438886 
18122216 18122216 
18424618 18424618 
18657832 18657832 
18965646 18965646 
19083136 19083136 
19396410 19396410 
19637892 19637892 
19956674 19956674 
19889416 19889416 
20213754 20213754 
20463648 20463648 
20793590 20793590 
20918748 20918748 
21254342 21254342 
21512792 21512792 
21854086 21854086 
21525508 21525508 
21872550 21872550 
22139700 22139700 
22492538 22492538 
22625604 22625604 
22984286 22984286 
23260280 23260280 
23624854 23624854 
23542248 23542248 
23912762 23912762 
24197744 24197744 
24574246 24574246 
24715460 24715460 
25097998 25097998 
25392112 25392112 
25780734 25780734 
33509303 33509303 
33904057 33904057 
34207447 34207447 
34608381 34608381 
34757983 34757983 
35165145 35165145 
35477955 35477955 
35891393 35891393 
35792047 35792047 
36211809 36211809 
36534183 36534183 
36960317 36960317 
37118547 37118547 
37551101 37551101 
37883183 37883183 
38322205 38322205 
37857247 37857247 
38302785 38302785 
38644719 38644719 
39096821 39096821 
39263919 39263919 
39722633 39722633 
40074563 40074563 
40539937 40539937 
40422459 40422459 
40894541 40894541 
41256611 41256611 
41735449 41735449 
41911655 41911655 
42397297 42397297 
42769651 42769651 
43262145 43262145 
42413407 42413407 
42912801 42912801 
43295583 43295583 
43801925 43801925 
43987479 43987479 
44500817 44500817 
44894171 44894171 
45414553 45414553 
45277551 45277551 
45805025 45805025 
46209095 46209095 
46743709 46743709 
46938851 46938851 
47480653 47480653 
47895583 47895583 
48444621 48444621 
47821251 47821251 
48377573 48377573 
48803507 48803507 
49367161 49367161 
49572131 49572131 
50143165 50143165 
50580247 50580247 
51158709 51158709 
51000791 51000791 
51586729 51586729 
52035103 52035103 
52628565 52628565 
52843603 52843603 
53444637 53444637 
53904447 53904447 
54513101 54513101 
53994343 53994343 
54610665 54610665 
55082055 55082055 
55706093 55706093 
55931439 55931439 
56563241 56563241 
57046355 57046355 
57685969 57685969 
57505743 57505743 
58153217 58153217 
58648199 58648199 
59303581 59303581 
59539475 59539475 
60202813 60202813 
60709807 60709807 
61381149 61381149 
60577335 60577335 
61256729 61256729 
61775879 61775879 
62463373 62463373 
62710055 62710055 
63405697 63405697 
63937147 63937147 
64640985 64640985 
64437059 64437059 
65149141 65149141 
65693035 65693035 
66413409 66413409 
66671119 66671119 
67399833 67399833 
67956315 67956315 
68693417 68693417 
67109235 67109235 
67854773 67854773 
68423987 68423987 
69178009 69178009 
69446987 69446987 
70209541 70209541 
70791631 70791631 
71562765 71562765 
71333747 71333747 
72113509 72113509 
72708619 72708619 
73497057 73497057 
73777543 73777543 
74574705 74574705 
75182979 75182979 
75988913 75988913 
74982623 74982623 
75797377 75797377 
76418959 76418959 
77242581 77242581 
77534815 77534815 
78367353 78367353 
79002387 79002387 
79843889 79843889 
79588387 79588387 
80438901 80438901 
81087531 81087531 
81947105 81947105 
82251327 82251327 
83120009 83120009 
83782379 83782379 
84660217 84660217 
89018707 89018707 
89905749 89905749 
90582003 90582003 
91478297 91478297 
91794747 91794747 
92700341 92700341 
93390623 93390623 
94305565 94305565 
94022187 94022187 
94946525 94946525 
95650979 95650979 
96584761 96584761 
96913679 96913679 
97856953 97856953 
98575723 98575723 
99528537 99528537 
98297739 98297739 
