2 2 2 2 2 2 2 2 2 2 2 2 2 2 2 2 2 2 2 2 2 2 2 2 2 2 2 2 2 2 2 2 2 2 2 2 2 2 2 2 
16 16 16 16 16 16 16 16 16 16 16 16 16 16 16 16 16 16 16 16 16 16 16 16 16 16 16 16 16 16 16 16 16 16 16 16 16 16 16 16 
191 191 128 128 128 128 128 128 128 128 128 128 128 128 128 128 128 128 128 128 128 128 128 128 128 128 128 128 128 128 128 128 128 128 128 128 128 128 128 128 
1632 1632 1191 1191 1191 1191 1024 1024 1024 1024 1024 1024 1024 1024 1024 1024 1024 1024 1024 1024 1024 1024 1024 1024 1024 1024 1024 1024 1024 1024 1024 1024 1024 1024 1024 1024 1024 1024 1024 1024 
12583 12583 9496 9496 9496 9496 8327 8327 8327 8327 8327 8327 8327 8327 8192 8192 8192 8192 8192 8192 8192 8192 8192 8192 8192 8192 8192 8192 8192 8192 8192 8192 8192 8192 8192 8192 8192 8192 8192 8192 
92696 92696 71087 71087 71087 71087 62904 62904 62904 62904 62904 62904 62904 62904 61959 61959 61959 61959 61959 61959 61959 61959 61959 61959 61959 61959 61959 61959 61959 61959 65536 65536 65536 65536 65536 65536 65536 65536 65536 65536 
667311 667311 516048 516048 516048 516048 458767 458767 458767 458767 458767 458767 458767 458767 452152 452152 452152 452152 452152 452152 452152 452152 452152 452152 452152 452152 452152 452152 452152 452152 477191 477191 477191 477191 477191 477191 477191 477191 477191 477191 
4744912 4744912 3686071 3686071 3686071 3686071 3285104 3285104 3285104 3285104 3285104 3285104 3285104 3285104 3238799 3238799 3238799 3238799 3238799 3238799 3238799 3238799 3238799 3238799 3238799 3238799 3238799 3238799 3238799 3238799 3414072 3414072 3414072 3414072 3414072 3414072 3414072 3414072 3414072 3414072 
33509303 33509303 26097416 26097416 26097416 26097416 23290647 23290647 23290647 23290647 23290647 23290647 23290647 23290647 22966512 22966512 22966512 22966512 22966512 22966512 22966512 22966512 22966512 22966512 22966512 22966512 22966512 22966512 22966512 22966512 24193423 24193423 24193423 24193423 24193423 24193423 24193423 24193423 24193423 24193423 
235744776 235744776 183861567 183861567 183861567 183861567 164214184 164214184 164214184 164214184 164214184 164214184 164214184 164214184 161945239 161945239 161945239 161945239 161945239 161945239 161945239 161945239 161945239 161945239 161945239 161945239 161945239 161945239 161945239 161945239 170533616 170533616 170533616 170533616 170533616 170533616 170533616 170533616 170533616 170533616 
1654932031 1654932031 1291749568 1291749568 1291749568 1291749568 1154217887 1154217887 1154217887 1154217887 1154217887 1154217887 1154217887 1154217887 1138335272 1138335272 1138335272 1138335272 1138335272 1138335272 1138335272 1138335272 1138335272 1138335272 1138335272 1138335272 1138335272 1138335272 1138335272 1138335272 1198453911 1198453911 1198453911 1198453911 1198453911 1198453911 1198453911 1198453911 1198453911 1198453911 
