   -5     1    -3     2    -6     3     2    -7     0    -2 
    2     0    -9     1     9    -9    10     0     9    -6 
    2    -1    -4    -7     2    -7    -6     0    -4     3 
    8     2     2     1    -7    10     8     2     9     7 
    5     3    -6     2    -6    -6    -5    10    -4    -4 
    2    -7     8     6     0    -7    10     3     2    -8 
   -1     2    -5    -9    -1     4     4     2    -3    -6 
    0    -6     1    -5    -8    -6    -6    -7     7    -6 
    4    -4     0     1     0    -7    -5    -3     6     8 
   -8     4    -7     1    -2     3    -1     1     1    -8 

   -1    -3     0    -6     5     2    -3     6     4     5 
    2    -6    -2     8    -5     4    -5     5     6     0 
    9    -5    -9     8     3    -8     9    -8     0     2 
   -5    -7    -3     0     4    -2    -9     2    -1     5 
    1     9     7     0     9     0    10    -3     4    -1 
    3    -9    -3    -6    -3     4     2     1     4    -8 
    2     7    -8     7     6    -7    -3     9     8     1 
    0     7     7    -7     3     9    -1     5    -7    -8 
    7     2     9     1    -3     0    -3    -8     9    -5 
    2    -5     6     8     3     6     7     5     7     6 

