 -331   -56   -96   111   625    72   286    80    44  -276  -378   200  -146   274    64   -72  -203   -62  -188    73  -300  -125   -10   -93    83   369  -343   106   288   106   163   214   -16  -163   -36    88   201   274    35     4   154    -7   -59    16    78   242    54   -34  -117     3 
 -165  -220   -10   492    26  -192  -169   -93  -176  -154  -133  -171  -255    61  -238  -119   -84   -57    52    68   148  -237   413    18  -246  -305   -64   162   -45  -206  -182   -99   -23   -96   251  -118   253   244  -335  -220  -392  -446  -122   280   282    63  -112    32  -326  -220 
  180   -89   129    -8   -55   158  -299    24     1    93  -116   235  -122   -54    15   365   216  -252  -167  -228   114   292   436     8  -214    21  -235   151  -125   158   -12   216   251  -123    80   -37   358  -182   118  -317   125   293   243  -197   235   -61   120   263  -173  -210 
 -524   -59  -168    18    77   -10   374  -221   290   426   -67  -253   -40  -222    47   101  -185  -215    -3   -28  -385   100    42  -281   459   -96  -117    28   392   306  -244   -25  -304   183   -71   -27   -79   464   345   298    67  -138   269   187  -416  -231   -39  -100   201     4 
 -205  -392   231   -79  -175   142  -199    72   195  -213  -293  -210  -210     1   124   449    72   139  -262  -363  -122   177   -72  -373   -26   -83   -22    45  -188   160   267   -78   -27   222   309   398   297  -149   423  -434   216    45  -280   175   -79   -29    60   -23   173   133 
  -73  -332    32   -24   225   223   -16     5   235   -97    21   290  -183   -18  -148    43  -217  -272   -87   -81   175  -418   211    56   137   -33   168    -3   349    35  -309   207  -261    17    80  -117    -6    12  -116    94   249    59    76    -9   105   -77  -253   166    70   -16 
 -161    95   126   149   -18  -145   325   -12   110  -138  -287    11    50   -96   -29    -9   253  -181  -180   130   230   263    38   193    86   133    31   197  -241  -365  -149   -52   514  -139  -133    42  -251   -93   167   313   -65   242    77   -50    64  -123   139    25    35  -128 
 -288  -232  -410  -266   129   207   118   133   269   -93  -116  -270  -309   321   314   -51   -76    39  -560   -29   345   -29   149   150   116  -373  -151   -84    82    -2   -40    49     9   -98  -289   -50   -64  -174   237   146  -110   347    15   163  -175    90   291    12  -137   361 
   78    89   348   140   -79   -12   -23    14  -469   151   187   -83    72   137  -132  -135   243   270   260  -144  -131  -146    21   137    25  -450  -321  -128    41  -167   -43   281    10   230    73   162    -2   163    42   143  -358   -97   183   112    94   -22   239  -261   -96  -157 
   77  -438   290    -8  -140    96  -167   376   184   -12   504   338    83  -504    97   438    47   102    25   -12   -28  -180   -60   -84   -57   317   128    70    85   -25   -66  -184  -363   -75   159   284  -270   -18  -132  -135   258   -85    65  -195   136    48  -220   -13   147    -6 
  254    67   357    37     5   151   229   206   270  -146   234   319   218    -4   -76   118    10   202    78   -70   168  -177  -106  -268   481   -39   -78  -166   260  -155   -83   142   -58   -84   138   365   311    10  -404   336    82   134  -116  -154   195  -104  -345  -226   220  -112 
  106   142    10   402   291   -36   -76   138   -93  -300  -109   319  -224    93   191   -59   -96   153  -287  -253   -34  -335   314   -63  -465     5  -394   -61  -203  -201   264   -44  -180  -191  -215    30   208    75   -23  -241   260     0   253   107    -7  -136     9   148    79    64 
  184   256   336  -313    55  -266   -86   338   397   -34   119   213    24  -195    26    -8   332   339   173   129   109    19    -4  -159  -121   228   143   120  -207   -89    39    85    70    41   156   247   150   112    77   -24   299   102    -3   -16   232  -181   -60  -154   137     1 
   -7  -135   -37  -231  -125   221   -23    40  -353   175  -239  -122    77   270  -240    -5  -278  -377   169   294   234   134    98   401   180    11   -27    37   504   121  -299   200   172   132  -110   -90  -369   -81    47     7   -23  -102   -79    14  -195   302  -187   282  -167  -203 
  325  -173   240   218    59   418    15   -65  -400   -43  -108    97  -136   -38   174   257  -306   -90    42  -206  -210  -150  -156   166   125  -143  -223  -296   133   217   148   392  -248   -76    35   -88    37    29  -264   -96  -117  -347    26   317   177   181   249   -10  -193  -126 
  -41   215  -148   178   -29  -198  -133   -39   111   318  -320   -90  -104   -37   149  -143   153  -143    25   228    16   131   -64   148  -342   210   148   534  -552  -335  -125  -129   272   172  -148  -104   -16   312  -250   -32    84  -108   139    46   110  -177   386     2  -225   203 
 -175   -22   534   -57  -145  -145   372    57   134    81  -286   110   -56   -68   111  -111   156  -207   240  -111   -43    97    -4   -23   -19   161   172     7     8   194  -431    94   -21   459   239    29    -9   153    44   -34    86    22   403    66    10   -59  -248  -105   107   -81 
   54   130  -104    15   137    72  -131   266    63   333  -204   103  -177   291    36  -410   183  -273   -21     4  -156  -290    28   100   -10    78   154    50  -204    41   146    98   -93   102  -324  -146  -307    20   -26   183   424    79   485  -435  -168   -48   120   -13   112    73 
 -332   -46   291  -216  -258    71    89   -84    26   -22  -182  -120   134    73  -381    59   -50  -109   264    93    49   351   -45   150   161  -323    52   -13   591   113   -89  -163    74   105   110    65   190   -49   207   -61    68   309   -99    42  -262   -61    17   242    62  -144 
  193    96   152  -391  -392    -3  -107   -70  -133   -76   319  -117   164  -290  -235  -159  -150   300    14   -56   452   -74   -50    38   -32  -320  -104  -189   235    74   -76    14  -214   156     2    25    62  -274  -153   -64    70   221   151   334    10   -21   160   -21   -50    -3 
  -53  -174   -65   -70  -191    62   467   290  -112    -3  -394  -128  -165   241   -47   207   409   -68   -24  -181  -179   100   262   -72   196   231   -88   231   231   193   182  -267    85   -35  -105    77   -19   114   428  -164  -118   -95   382     1   -41   -38   179  -148    -7  -265 
  -85    77  -130    29  -314   -20   123  -597  -228  -104   153   118   305    30  -501    38    72   -67   238    61   -79   -20   -47   178    -1   -31   -29    -8    71    38   -57    89   100   -62  -377  -142    57   101   316   -33  -175  -224   268    -6   -81   152  -152   211  -256   -19 
 -250    43  -186   -61   -85  -182  -202    21   223  -104   224  -181   -13    29  -149  -355   231   342    24    72    75   162    22   149    17  -379    36   -43   -49   -67   229  -152  -125   199  -110  -172   139   -15   201   103    -6   -17  -142   104    90  -218    87   221   300   114 
 -230    45  -125    72   135   -89    91  -336   -39   330  -159  -262   -83   147  -214  -210   121   137   188   225  -152   191  -131   301   219  -112   -82   -67  -108   -52   -58  -209   265   -73  -195  -268   116   138   189    30  -180  -108  -508    46   -30   210   136   202   333   168 
 -146   198    42    84    -1   134   150   130   -76    42  -241    80   138   -86   385     7    -9   -20   -64  -226  -170    85   -77   -21    57    11  -179   161  -270  -274    87   211    89    76   -28   290  -190    84   -35   153    81    71   134   146  -150   119   -96   -34    80  -261 
  135  -218   461  -155    92  -107   -63    29  -174   -66    -1   350  -109   123   -75   551   137   260  -262    21    96   165   315   155   125   450    75    53  -216   160  -331   179    -5   -15    92  -142   208  -227   130  -281  -153  -163  -193   -57   619   205  -300   225    56  -412 
  145    53  -225  -268  -235  -242  -172    31    37    95   137   -98    29  -440   272  -184    39    45  -116  -160  -171   -31  -266  -459   133    49    82   119   -17   268   192    -8   -59   -97   -27   110   -66   -75  -146     4   287   344  -189  -236   -98  -231   279   -97   160   219 
 -434   -89   316   100  -147   133    48    37   -33  -303  -162  -155   -85   167  -131   409   -44  -137   282  -166   -87  -135   -97   -22  -520   235   -19   227  -376    -7   319    63    23   -91   213   245   186   111   616  -683   126  -153  -108   322  -191   217  -150    70    -4   -35 
  587   -17  -125   195     3   191    36   484  -312   308  -173   193  -142   166   197   120  -458  -167   126    62    -9   -19    77   216  -203   307   132   -62  -358  -186   -31   133   -44   279  -223   448    68   135   -98  -261   122  -260   138   373   -14  -188   146    -9  -124   224 
 -108  -338   138   -57  -166  -331  -264  -190  -362    54   190    -9   -73  -582  -154   550  -374   -65    -3  -134  -338    83    50  -238   -12   129  -110   195   -46   291    15    10  -125    89   275    17   142   277   -79  -185  -153  -365   -42    79  -161   132  -189   196  -360  -184 
 -109   -39  -182   -89   -88    -3   328   208  -106   -67  -420  -330   111  -309   350  -286    18   -58    40  -205   -82   359  -187   -36    30   -80  -235  -113    19    17    88   591   475  -123  -550   -25   -85  -133   299  -193    79   257   271   335   -48  -179   513    27  -123   -56 
 -286   181   267   -42    82  -108   351  -122   517   122   -67    26   -71   129  -202   198    92   -24  -132    -6   -57  -126   150  -254   223   222  -266    71   199    45  -304    42   -78   -30   496   -75   499   132  -172    45   -88   121   234   275   162   -31  -127  -398   -12   -63 
 -341   -19  -185  -129   292  -178   176    67   -45  -266  -390   140  -232  -163   202   213  -348  -491  -273   204    -8    47   278    -1  -174   408  -203   424   239   430   -53   119    43   -83  -139  -301   -22   -45  -158   -22  -203  -179    39   250    -5    48    10   -29  -514    22 
 -261   270    82  -110   -23   -10   -49   -74    38   -18   -24   253   129  -222  -177  -207   373   389  -107   -96    66    79   140    65   -63  -182    53   156    47  -257   142   118   138   322  -326    70    41    55   276  -389   289   447   190  -164   113  -204    -6    82   222   -98 
 -247   107  -317   -29  -181  -111   167    73   375   -66     5  -187   190    60    41  -306   -19  -324   600   246  -491   -43  -277   256    52   484   -32    94   133   335   116   151   -40   169  -155  -483   -12     4  -117   250  -219    28   172    41   -54  -166   -77   -10    18   343 
 -128  -238   174  -378  -487   123   -11  -187   222    62  -222   -57    -9   195    50   371   -18  -125  -339   -40     4   279  -108   121   356  -222    47    23   -33   317  -235  -281    68   250    24    -2   251  -142   269    72    51   209   -78   149  -217    76   -73   -81   152    76 
 -459  -109  -171  -253   -87   196  -272   -99   261   -98   -30   -91   -75   -57    84   -60  -306  -394  -101     4   -50   -67   -88    90  -126   346    53   107   228   512    42   305   144   140  -102  -271  -246  -393    53   156   447   268   175  -275  -292   303    86    83  -176    82 
 -231  -256    27   138  -180   -92   229   520   234   100   121    32  -316  -132   395   -50   -92   193    77    40    71   129    -9  -104   436   544   250   276   475   -79  -165    55  -252   -46   158   165     3   253    19   -56   257   129  -172  -231   212    41   129  -371   307  -171 
   42  -350  -234   342   -17   -87  -310   -27  -228    91   122  -175  -196    -1  -255  -259    67  -240    -7   123   -42  -177    98    -3   -32   -97    -7    69   130   196    34   -27   201   -54   364  -207  -167   191  -325   -18  -178   -68  -102  -338    81    48    87  -240   -42  -197 
  188  -240  -285   114  -162    31  -139  -346  -284    86    41   -69  -236   328   -70  -143    66   -19  -253    41    85   111    52  -196   234  -423   -21  -197   123   249   -70   151    -5   -45  -397   -55  -103  -165    40   176     6  -101   120  -184   -36   302  -112    27  -179    18 
  206   281   362   -15   -84     5   317   258  -236  -236    41   253   115   -91   128   -15  -280   -18   241  -383    39   -95   500   -55  -120    70    45  -157   125   -55  -297   283   205   -32  -108   101   138     0   148  -192   207   195   109    88     2   229   -39   162   344  -561 
   46   237   -91   119    -4   105    37    45   188   -48   -25   -96   166   433  -280   239    -6  -236   200    58  -218  -108   217   316   237    65   111   -12    10    30   195   187   163   155   331  -379   -69   295  -108   183  -456  -525  -206   -49   -77    32  -423   193   383  -153 
  185  -406   -65   -74  -368   219  -155    29  -279    43  -185   -31    63   -30   118   146    34    12   -54  -445  -149    61    15    45  -207   -74  -411  -196   202   324   -65    99   144   -20   -70   186  -144  -285    -4  -201   168   159   333    12  -204  -129    78    23    60   -60 
  106     4   151   -26   148   236  -165   314    26  -111  -158   213   148   111    54   142   279   -23     9  -419  -304    23   197   -40   -53   110   -86    41   120   103    91   152   -53   -56   100   142    -4  -214    91  -132   198   134   -60  -151    72  -272    44   271   115   -27 
   26    52   133     6    79  -143   187   288   197    90    30    70   -44    42    44  -326    28   373    77   182   285  -169   179  -231   181   257   251    82   -32  -237  -211   192   -33    74  -316   255    57   421   178   247   498   -52   128     7    41   -13   213  -142   199   -72 
   95   107    50  -110  -253    52    46    53   -83  -248   -26    96   251   109    68  -124    -1   -21    71   -27    88    64  -130  -257    37  -513    76   -54  -334  -290   329   -87   206     6  -238   163    91    32   408   -19    -5   -88  -295   329  -232   -41  -143   374   163    50 
  271  -258   -55  -172  -200    48   -18   266   435    21   -53   -20   130   -44   -18  -342   262   -68   -49   350   209   116  -308    -6   231  -158   394  -296  -193  -204   177    18   342   177  -349    58   -80    62   -32  -146   224   113   -55   -78   282  -117    76   123   228   405 
  -46     0  -213   109  -153  -194  -277   191   248  -113   -68  -129    27   -50   364  -261  -125   -54   -73   218   270   510   -68   234   -65     0    29   -59    89    75   151  -326    45    67   -91  -170   -63  -361    48   -11   180    91    15    -6    30  -187  -115   172   -53   145 
   38   152  -330   287   -59   150  -132  -154   130   596    95  -189    90   222  -250  -282   336  -292   165   210   -49  -102   248   210   166  -398    68   -50   256  -323  -351   -45   204  -222    72  -102  -304   416    58   426  -266  -218    18  -283  -283  -175    94  -173    -5    89 
 -143    12    56   -60   -23   -75    67    -8  -191  -226    40    35   146  -211  -107  -176    -7   414    -5  -147   169   148   -79   -45   -99   126    14     5  -141  -116   288  -358   -36   285  -115   207    95    91    37   -79   306   154    -8  -173   -84     3   -87   151   306  -205 

number of operations: 271980
