    8    14    11    17     0    15     5    10     5     8     7    -7     8    12     3    14    15     9    11     7    13     6    -5     8    18    17    10     4    -7    16     2     3     3     1    10    24     6    -1     3     5    13    10    -4    10    14    15     4    11     4    19     4     4    12     1     3     4     6    18    -5     5     4    15     2    13 
    8     2    11     4    12     7     5     9     9     6     0     7     8    11    12     3    -3     7     6    14     8    17    -3     3     1     7     3    -3    14     1     9     2    11    11     4    16     7    -8     9    15    -4     7     4     1    13    11     7     8    -1     8     1     2     7     0    13    11    12     7     9    13    24    20    12     8 
   11    13     4     7    -3    12    10     6    13     9    11     6     4    19     5    14    24     3    -2     2    15     8     0    15     8    13     4    11     4    10    15    11    13    11     2    19     9     1    -1     9    13    10    -2    12    13    13     2    12     5    16    10    18    10     2    16     6     1    22     7     8     7    16    17    10 
    4     9    11    14    10    -5    18    17    -6     9     4     2     9    13    19    15    14     5    17    12    11    13    17    10     9    11    23     3    13    15    13     6     9     9     9     2    15     5    15     7    14    23     6    12    12    12     4    13    12    18     9    13     7     5     9     7     6    16    13    11     8    10     6    10 
    8    16    11    19    13     9    14    15    14    12     1     7     9    18    10    15     5    10     8    11     5    13     1     4    16     8    25    17    11     9     7    13     7     9    12    14     4     9     7     7    13    11    11    11     6     8    10    20     9     4    11    10    11    11     2    11    16    10    11    21     7     6     1    15 
    6     9     9    17    13     5     9    13    -4     2     3     2     6     8    13    14    18     5    13    17     6     4     5    10    15    11    18    14    15    10     7    10     8    12    11     5    12     6     3     6    12     5    -5     3     8    15     7     5     1    14     2    11    10    11     4    -1     9    10     1     8    12     6     3     9 
   15     0    13     8    15    -2     6    14     9    16     1    18    15    14     2    10     9    14    20    20     9    29     2    18     7    14    13     4    18    17    12     8    10     5    15    11    17    -3    11    13     7    22    11    16    17     5     2    10     2    10    -3    12     6     6    13    13    20    14    10     1    17    12     9    25 
    4    13    19     8    20     4     0    18    -3     8     2    14    12    16     9    11     6    11    17    16     5    25     6     7    14    11    16    11    15    18    11    14     7    14     9    18    15    12     9    10    16     3     6    17    18     6    15    14     5    16     6     9     8     4    11    14    13     8     9     6     6     5     7    22 
   10    -4    15     3     5     5    18     0     8    18     7     3    14    17    10     9    12     0     2    11    17     2     3    -7     8    16     2     5    10     4     2     5     9     4    12     7    12     8    -4     9     3    13     4     4     7    11     2     3     1     8     3    10     2     9    14     4    14    11    12     4    11    18     8     9 
    5     0     7     8     2     2     9     3     1     5     0    12     8     7     8     1     1     9     5    10     3    10     2    10     6    -3     2    11    13     4     2     3     7    11    -4    -4     2     8     4     0     9    10     6     5     5     7    15     5     4    14     5    11     2     8     6     5     5     8     2     1     6     6     8    10 
    3    12     1     8     8     0    10     7    13    14     8    16    18    18     6     8    18    12     8    14     2     9     7    17    12    16    26     3     9    23     2    16     3    10     6     7    12     3     7     4     4    18    -6    11     8     0     8    18    13    13    21     6    10     6     0     9     3    19    10     4    15    19    18     8 
    1     8    19    15    16     1    17     3    14    19    11     1     8     0    19     9    25    -3    -1     9    14     7    13     1    12    22    20    21     0     7    -6     5     8     0    20    10    17    15     9    15    11     5     0    13     5    17    10     6     3     2     3    18    -2    16    23    15    17    16    13     5    21    14    20    12 
    5     9     0    15     3    10     8     2    11    18    16    18    16     0    10     8    10     7     5     2     2     4    14     8    23     4     1    16     3    18     8     6     0    11     0     7    10     6     4    17    11    -1     6    29     2    10     9     7     7    10    18    15    -2     2     3    11    -1    10     8     0    10    13     4    11 
   14    18    13     1    13     2    11     1    18    15     4     2    14    14     9    10    21    13     9     9    11    14    12    15     5    27    21     9    14    12     7    16    12    12    18    13    12     9    12     6     8     9     5    17    16     3    13    28    15    15    16    12     9     4    13    12    13    19    13    10    21    15    11     4 
   11    10    22     4     6     3    20    12    10    11     7     2    13     5    10     2    14     2    15     7    12     6     7     4    11    20    15    10     8    12    -1     5    13    -3    13    18    16     4     4     0    18    13    13    22    13    19    18     7    22    20     6    12    13    14    20     7     6    10     6     4    22    19     7     6 
   -4    14    10    11     6     7    -1    11     1     4     4     1     5    20     9    20     9    14     6     4     0     8    -3    10     2     6    12    11     5    19     2    -5     3     9     5     5    13     9    -8     8     9     1     7     4     3    10     5    10     7     2     8     3    13     8     3    11     7     3     5    13     8     0     9     8 
    1    10    19    12    13     0    27    10    13    16    12    10    23    21    19    16    11    12    15    15     6    11     8     5     8    13    27     8    16    17    -2     4     6     8    10    10     7    17     4    13    19    16     5    20    11    10    22    19    21    12    21    13    18    17     2    20    10     7    13     4    13    18    14    14 
    4    19    10     9     6    10    16    -3    13    20    11    17     1    10     9     8    18     8     7     7     5    12    13    11     7    13     7    12    10     8    -2     7    14     8     8    -1    10    16    -2    17    10     7    17     7    10     4     4     8    11    14     9    19     5     4    18     9     5    13     9    -4     0     9     9    11 
    4    10    13    -1     9     3   -11     3     6     9     0    12     3     9    -7     3     7     9    -5    11     7    19   -11     2     8     9    10    12    -1     5   -10     7     9    14    15     1     7    20    -1     5     6   -14    -4    10    19    10    12     7     2    10     9     4    10    -3    13    24    11     8   -12     0     7     2     4    26 
    9    12    12    16     7    10     4    14    14    10    13    -2    10    10    22    11    17    10     7     7    15    18     2    10    -2    16    13    14    11     3     2    -6    12     9     3    13     2     7     4    22    10     6     4    19    12    10    11    12     1    22     8    10    13    10    15    23     3    28    11    10    21    13    11     9 
   -2    11     6     7     7    10     6     1    14    20     0    13     2     8     2     3     2     7     1     2     0    17     1     9     3     7     2     1     4     4    -1     6     4     3     2     0    -4     0     2     4    10    11     4     9    14    -1     3    11     4    10     7    13     2    -5     1     3     4    10     5     5    16    12     6    13 
   10     6    20     3    16    -4    16    14    12    14    -2    15    14    11    17     1    20     6     8    24     6    18    12     5     8    16    31    12    15     5     5    10     7     6    27    17    18    14     3    15    10    14     2     5     3     9     7     8    16    16    16    13    19    13     0    13    18    15    11     3    25    10    14    15 
    0    11     6     8     8    -8    17    12     9    14    11     1     3    20    17    22    25    17     9     7     8     9    15    14    15     7    12    13    14    24    -2    10    13     8     8     0    34    21     1     0    20     2     0    14     1     7     5    30    26    15    13    12    17    20    14    10     8    10    11     8    13     0     3    21 
    0    19    12    -5    13    -3     8    -4     6    12    -3     1     4     8    17     8    16     9    -4    13     3    24     7     4     7    10    20    16    -7    13    -2    16    10    12    22     1    17    11     5     1    13     6     9    10    10    14     9     7    13     2     2     5     9     6    18     5    16     9     5     5    14    10    16    17 
    3     9    11     9    15     5     7    16     5     3    15    12    12    13    16    12    -1     6     0    11     5    14     9     2    14     5    15    11    12    11    18     5    20     3     7    14    13     8     7     8    12    -2    15    12    -1    12    16    13    19    13    14    13    10    10    14    20     6     2     3    21    10     2     9    15 
    5    15     9    12    18    10     8     7    12    16     8    12     5     6    11     7     8    15    10     2    -1    19     3     9     4     7    12    14     6    13    -5     7     9     8     4    16     3    -1     9    16    23     9    11    26    26    11     9    22    14    11    17    12    12     5    10     6     4    17     5    12    15     7     7    16 
   17    19    24     7    14    10    25     0    12     4     7     9    15    15    21    18    29    -5    16    15    18    14    13    14    18    22    15    21    11    14     7    17    26    11    11    16    16    16    14    10    19    16    14    15     7    25    20     2    19    19    10    32    20    25    14    17    22    14    15     4     9    19    24    16 
   11    13    11     5    11    19    16    15     5     9    11    10    29    15     1    15    10     2     4    17    10    14    13    17    13     5    17    21     9    18    20     9     8     6     6     7    10     7     8     7    12    16    14    10    11    21     7     2     0    20     8    18     9     5     6    11    16     6     4     4    13    21    13    17 
    4    16    16    13    10    10    14    14     4     8    -3     2     7     1    19     0    13     5     5     2     7    17    11     3    12     5    14    18     3     6    12     9    11    15    17    15     9    14     1     9    15     7    11     6     4    14     7     2    11    22     6     9    12    13    14    12    15    20    11     7    14     3    13     6 
   -1     0    13     5    15     1     9    15    -4     2     5    16     1    11     2     6    15    11     9    13    12    18    14    21     0     7    11     5    16    17     8    10    10    -1     4     4    16    12    11     5    14     9    12    11    14    11     4    12    14    19     3    15    15    11    15    13     9     7     9     2    14     7    14    19 
   -3     8    14     7    12     9     0    13    10    -4     4     8     2    12    11    12     4     9     2    20     4    19    -4     8    14     6     4     7    12    13     9     4    11     6     5     3     8     3    -6     5     0     2     7    11     5     9     2    13    10     5     1    13    14     7     7    10     5     2     3     7    11     0     1    18 
    6     2    23     3    16    12    13     5     5    23     1    11     4    18    16    21    13     3    10    10     8    21    12    10    12     9    11     9    16    15     3     5    13    15     9    18    14     9    -2    16    15    13     9    19    11    24    16     2     7    -1    10    12     4    10    17    11    15     8    21     7    19    15     9    14 
   11    18    18     8    12    17    23     9    11    -2     7     3     5     6    11    11     8    10     6     5    18    18    10    18    12    13    13     6    13     7    10    11    14     8     9     0     8     7     6     7    16     5    15     5     9    15     7    14    17     5    -2    19     8     6    16     3    17     6    12    13    18    16    12     8 
    6     9    13     4     0    15    13     7    10    14     6     6     0    17     6    11     3    11     5     2     3    14     8    -3    12     8     1     0     4     5     2     6    10     3    12     4     6     4    -2     5     1    13     7    13     9    11     5    11     8     8     2    13     0     4     7     8     6     0    11     4    17    16     2    19 
   21    12    12     6    17     9    15    11     6     9     7     9    15    19     9     9    19    13    17     8    18    33    16    20    11    15    15     6    15    18     9    10    17    16     9    10    10     9    12    21    23    13    22    24    30    19    11    16    20    24    17    17    12    10    12    24    18    27    16     2    23    25    17     9 
    8     6     7    10    11    14    11     6     3     4    -4    17    15    -1     8     5    14     3     8     7    14     4     9    13     7     7     8     5     5    13     9     4     4     8    -2    -3    -2     6    11    10     8     8     3     3    -2     4     9    13     1    12     9     6    14     9     0     8    18    16    13    13    -4    14     8     6 
   -8    14    11    14    15    15    16     9    15     8     5     9    10     1     8    15    12     8     8     8    10     2     9     7    19     7    15    13     2    17     7     7     5     9    -2    12     6    -1    13     7    19     8     8    19     7    17     7    21    16    10     6     9    16     0    14     8     9    13    13     9     9    19    14    12 
   13    -3    20    -2    17     2     0     0    11     5     8     6    11     3     5    -5    13     2     7    17    14    19    -3     6     3    24    15     2     1    14    -1     5    14     4    18    17    16    -5     9     8     6     7    17     7    19    14     2    12    18     6    12     6    10     5    20     3    14    10     0     3    15    12    10    12 
  -13     4    14     2     1     5     6     5     9     4     6     6     3     1    17    10     2     0    -6     9     2     5    -1    -3    14    -2     2    18    -4     5     2     1     7     8     0    12     4     3   -12    -1    10    -4     0     6     0     7     9    -3    13     8     7     7     8     2    13     0     0     3     4     3    15    -1     8    13 
   -5     4    10     2    12    -2     7    -1     9     8     3     2    -4     5    12     4    15    -4    -3    10    12    13     6     7     9     7     7     9     3    11    10    10     7     9     6     0    10     6     3     3    11     6     8     6     4     6     3     6    12    -2     2    12     4     5    22     8    13     6    15     2    10     7    15    11 
    6    -1    16     0    16    -2     8     8     4     7    13     7    15     0    15    10     6    -2     2     8     2     5    24    -4    10    14    12    17    12    10    16    15    19    13    12    13    20    20    10     9    17     9    10    14    -3     6    15    13    22     7    18    27     6    22    23    14    -3    -4    14     6    15    -1    11    10 
   14     3    16     7    17     6    10     7    10     6     9     9    20    13    24    19    18     8    14    18    11    29    18    13    14    17    13    11    15    20    11    14    14     8     3     7    17     9     8    10    16    14     8    23    12     7     7    14    12    13    17    20    12    16    13    13    12    19    19     6     9    14    15    14 
    3    10    12     3     8    10     3    13     7    -2     2    10     4    14    10     9     7    -1    -1     9    14    18    11    14    18     8     3    18     9    17     7    13    10     2     5    14    13    -3     4     5     7    18    14    12     7    18     2    10     9     5     6    17     9     5    12     3     4     1     1     4     2     6    16    15 
   11    11     8     9    12     3     1     4     9     7     2    21    10    12    10     5    17     7     4    12     2    20     5    10    15    11    14     8     9     5     7    18     7    16     7     3     5    11     6     7    12     6    -1    17    22     2    10     3     3    17    16    11     1     3    15    14    12     7    13    12     4    10    10    23 
   13     5     6     6     6    10    11    12    -1     2    -1    -1     6    11    11    13    12     6    12    -6     3    16    11    13    10    21    11    -3     3    10    11     9     5     0     7     4     3    -4    -2    -4    13    14     8    19     9     3    -2     5     6     6     1     4     3     9    -2    -4    13     6    11     8     6     6    -4    12 
   -2    10    19     0     9    15     6     5     4    24     4    -5     9     6    15     9     7     4    15    11     2    13     7    -8     3    16     3     5    -3     7     1     4    16    12     8    10     1    10    -1     0    11     9    14     1     4     9    17     6     3    16     8     7    10     4    11     3    13     7     8     4    12    11    -3    13 
    0    36     2     3     6     2     8     6    15     2    13    12     3    13    20    15    19    19     0    18    12    14     4    23    14    14    22    14     3    16     9    18     8    22     8    -1    18    11     5     8    11     2     9    15     6     5     5    19    14     4     4    19    11     2    15     4     3    13    11     9     0     7    22    20 
    6    -1    12    -2    18    -4     0     1     2    12    10    11     7     1    15     9     9     9    13     8    -2    18     6     0     6    15    -3     7    16     5     1     6    12     2     9    -2    12     0    -2     1    -1     6    11    14     9     2     1    -2     4     3     3    11    -6    13    10    -3     9     1    14     6    16    -1     4    14 
   10     1     6     2    -1    -7    10     7    -5     5     6     1    13    12     0     1    16    -2     6     7    11     4    -1     3    -3     5    12    -2    13     6    12     3    -1     7     1     6     7     8     7    10     6     8    -7     5    10    -1     0     8     3    12     9     1    10     0     6    13     5     9     0     3     3     3     5     6 
   13    -3     4     7    -1     4     6    10     3     4    -2    11     1    10     1    -2    11     1    -2    10    13    -1     0    11     8    11     7     8    13     3    -1     4     2     3     6    -2     3     5    -3     6    -6     5     2     8     7     3     4     0    -9     3     1     9    -5     3     3     1     9    11    10     5     7     6    -1     0 
    6    15     9    14     6    16    15    10     2     3    13    11     9    11     5    11    17     1     3     6    12    10     6    13    16     0    11    20    11    14    21     4     7    11     5     7    13     8     4    13    15     6    11     8    -1    27     5     8     8     9     4    16    16    11    15     4     8     7    -1     9     4     7    12    24 
   12     8     9     5    13     1    12     0    11     2     0    13     6     6    10     5    12    11     3     2     9     2     2     4     0    16    12     5     6     3    -3    17    11     5    14     8     4     9     7    13    10     5     0    17    18    10    10     7     6     5     1    18     0    12    17     9     9     5    19     9    17    16    16    12 
    1    12    17    12     4    10    22     6     7    11     3    15    15    13    25     1    10    -4     8    20     4    19     6    11    13    12    24    10    10    -1    11    15     9    15     0    15    10    17     7    19    21    17     8     9    -2    11    19    -5     9    22    13     5    19     4     8    16    17     3     8    13    15    19    11     8 
    4    10     7    11    -2    11    18     7     9    11     3    14     5     9     9     2    16     0    -2     8    15     3     7     9    11     7     8    10     6     5     6     6     4     3    -2    15     1     3    10     8     2    13     7    15    -3    15     4    14     5     8     7     7    17     0     9     4     4    21    13    12    -4     6     1    11 
   -4     4     1    14     4     3     6    -4     3     5    11     9    -2     4    10     6    10     7    -8     3     7     8     6     8    14    11     7     8    -4     4     1     0    -1     5     4     5     5     8    -1    11    11     2    -2    12     5    -1     1     9     7     2     9     5    -1     5     6     7     1     9    -2     3     6     6    13     8 
    0    13     9    15    14     7    10    10     9     7    13     1     3    20    14    27    17     5     7     2    -1     7     7     5     7    17    19    11     7    15     3     6    15     7     7    11    16    13    -5     4    23     6     2    17     9    12    10    14    20    14    19    14    16    18    12    20     2     6     8     6    11    10    17    15 
    6    14    12     7     2     3     9     9    10    16     4    14     7    21    10    11    27     9     8     5     8     4     4    17     6    18    10    13     9    16     3    -5    10    17     6    20    21     7    -2    12     7    11     5    23    11     0     6     4     1    11    13     4     6     6     3    11     6    16    10     4    19     4     3     6 
    4    20    21     9     9    12     9    11    17     6     1    12    10    15    13    12    15     7     1    16    10    14     2    12     9    26    14    16     6    17   -10    13    22     4    12     4    11     7    -1     0     6    18    13    15    14    10    13    14     9    17     5    25     6    11    16     5     1    20    10     5     7    16    16     4 
    6     6    16    10    16     1    16     9     7    12    10     3     7    12    16    10    23    -2    13    10     8    20     6    10    13    11    15    11    22    16    24     9     8     9     5     9    17     8     9     1    18    14    12    19     6    11     5    13    13     8     7    16     6    11    15     4    14     5    19     9     9     5    11    14 
    7    10     5    18     8     6    17    10    15    14     8     6    13    20    19    20    16    11     6     8     4    14    10     3    20     4     9     7    13    16    23     8     8    17    10    14    10    10     2     8    10    12     3     9    -3     8     4    19     7     5    12    10     6    16    10     9    13    10    21    11    13    12    19    15 
    4     5     1    12     3    -3    14    10     1    -6    11    -1     9     7    13     6     6    -1     6     2     0     4     7     0    13    10     4     4    15     1    12     4    10     6     0     1    10     8     0     4     8     2    11     1     2     3    -1     2    13     7     3    13     0    18    12     2     4    -3     7     7     0     1     2    11 
    4    10     8    13     7    13    21     5     8     3     7     7    10     5    12     3    15     7     7     9    12    12     7    14     6     0     9     7     9     6    12    -7     4     5     5    10     6     9    -3    10    14     2    10    14    13    20     9    -9     6    22    -2    12     8    13    14    10     9    13    11    -2    19    23    12     8 
    7    20     6     8     7    -2    10     5    17    12     4     2    12    17    20    16    20    -1     4    11    10     4     9    11    11    22    16     4     6    11    -1    18    18    12    15    12    13    13    -1    12    10     4     0     1    15    11    10     6    20    10     9    32     4    10    25    13     2    19    14     9    17     9    16    13 
    1     1    15     7    12    14    18     0     0     2     4    -1     5     8    13     0     6    -6    -2    14    17     0     8     3    14     6     8    17     4     1     5     5     8    12     3    16     4     8     3     8    14     7     8    10     5    22    21    -2    -3     5    -2     4     5    17    19     5    21    12     9     9     8    16     8    -3 

number of operations: 524288
