1 2
2 16
3 54
4 128
5 250
6 432
7 686
8 1024
9 1458
10 2000
11 2662
12 3456
13 4394
14 5488
15 6750
16 8192
17 9826
18 11664
19 13718
19 15813
19 18335
21 20825
21 23863
23 26797
23 30399
25 33813
25 38027
27 41957
27 46831
29 51313
29 56895
31 61965
31 68303
33 73997
33 81139
35 87493
35 95487
37 102537
37 111431
19 117904
19 127746
19 136296
19 147134
21 154500
21 166382
21 176576
21 189550
23 197960
23 212074
23 224056
23 239358
25 248872
25 265410
25 279324
25 297146
27 307824
27 326978
27 342968
27 363502
29 375404
29 397366
29 415576
29 439014
31 452200
31 477162
31 497736
31 524270
33 538800
33 566954
33 590036
33 619858
35 635792
35 667330
35 693064
35 726366
37 743764
37 778878
37 807408
37 844382
19 854141
19 893023
19 924493
19 965331
19 985837
19 1028679
19 1063233
19 1108127
21 1116361
21 1163355
21 1201137
21 1250279
21 1274133
21 1325471
21 1366625
21 1420207
23 1427205
23 1483079
23 1527749
23 1585963
23 1613405
23 1674007
23 1722337
23 1785375
25 1790789
25 1856311
25 1908445
25 1976499
25 2007769
25 2078403
25 2134485
25 2207747
27 2211229
27 2287167
27 2347341
27 2426003
27 2461341
27 2542775
27 2607185
27 2691439
29 2692641
29 2779763
29 2848553
29 2938591
29 2978237
29 3071239
29 3144553
29 3240567
31 3239141
31 3338215
31 3416197
31 3518379
31 3562573
31 3667911
31 3750705
31 3859247
33 3854845
33 3966639
33 4054389
33 4169483
33 4218465
33 4336907
33 4429757
33 4551595
35 4543869
35 4669151
35 4767245
35 4896019
35 4950029
35 5082343
35 5185825
35 5321727
37 5310329
37 5449867
37 5558881
37 5702103
37 5761381
37 5908335
37 6023025
37 6173759
19 6094200
19 6248762
19 6369272
19 6527710
19 6592496
19 6754858
19 6881332
19 7047666
19 7027880
19 7198234
19 7330816
19 7505238
19 7575772
19 7754310
19 7893144
19 8075846
21 7953932
21 8140846
21 8286076
21 8477250
21 8553772
21 8749254
21 8901024
21 9100862
21 9071296
21 9275538
21 9433992
21 9642686
21 9725436
21 9938630
21 10103912
21 10321654
23 10156336
23 10378674
23 10550928
23 10777910
23 10867128
23 11098802
23 11278172
23 11514586
23 11473848
23 11715050
23 11901680
23 12147718
23 12243644
23 12494566
23 12688600
23 12944454
25 12730224
25 12991058
25 13192640
25 13458502
25 13561376
25 13832314
25 14041588
25 14317650
25 14264348
25 14545582
25 14762692
25 15049146
25 15159208
25 15450930
25 15676020
25 15973058
27 15704408
27 16006810
27 16240024
27 16547838
27 16665328
27 16978602
27 17220084
27 17538866
27 17471608
27 17795946
27 18045840
27 18375782
27 18500940
27 18836534
27 19094984
27 19436278
29 19107700
29 19454742
29 19721892
29 20074730
29 20207796
29 20566478
29 20842472
29 21207046
29 21124440
29 21494954
29 21779936
29 22156438
29 22297652
29 22680190
29 22974304
29 23362926
31 22968912
31 23363666
31 23667056
31 24067990
31 24217592
31 24624754
31 24937564
31 25351002
31 25251656
31 25671418
31 25993792
31 26419926
31 26578156
31 27010710
31 27342792
31 27781814
33 27316856
33 27762394
33 28104328
33 28556430
33 28723528
33 29182242
33 29534172
33 29999546
33 29882068
33 30354150
33 30716220
33 31195058
33 31371264
33 31856906
33 32229260
33 32721754
35 32180344
35 32679738
35 33062520
35 33568862
35 33754416
35 34267754
35 34661108
35 35181490
35 35044488
35 35571962
35 35976032
35 36510646
35 36705788
35 37247590
35 37662520
35 38211558
37 37588188
37 38144510
37 38570444
37 39134098
37 39339068
37 39910102
37 40347184
37 40925646
37 40767728
37 41353666
37 41802040
37 42395502
37 42610540
37 43211574
37 43671384
37 44280038
19 43120213
19 43736535
19 44207925
19 44831963
19 45057309
19 45689111
19 46172225
19 46811839
19 46631613
19 47279087
19 47774069
19 48429451
19 48665345
19 49328683
19 49835677
19 50507019
19 49703205
19 50382599
19 50901749
19 51589243
19 51835925
19 52531567
19 53063017
19 53766855
19 53562929
19 54275011
19 54818905
19 55539279
19 55796989
19 56525703
19 57082185
19 57819287
21 56235105
21 56980643
21 57549857
21 58303879
21 58572857
21 59335411
21 59917501
21 60688635
21 60459617
21 61239379
21 61834489
21 62622927
21 62903413
21 63700575
21 64308849
21 65114783
21 64108493
21 64923247
21 65544829