9 2
9 16
9 54
9 128
9 250
9 432
9 686
9 1024
9 1458
9 2000
9 2662
11 3456
11 4394
13 5488
13 6750
15 8192
15 9826
17 11664
17 13718
19 15807
19 18329
21 20819
21 23857
23 26791
23 30393
25 33807
25 38021
27 41951
27 46825
29 51307
29 56889
31 61959
31 68297
33 73991
33 81133
35 87487
35 95481
37 102531
37 111425
19 117856
19 127698
19 136248
19 147086
21 154452
21 166334
21 176528
21 189502
23 197912
23 212026
23 224008
23 239310
25 248824
25 265362
25 279276
25 297098
27 307776
27 326930
27 342920
27 363454
29 375356
29 397318
29 415528
29 438966
31 452152
31 477114
31 497688
31 524222
33 538752
33 566906
33 589988
33 619810
35 635744
35 667282
35 693016
35 726318
37 743716
37 778830
37 807360
37 844334
19 853799
19 892681
19 924151
19 964989
19 985495
19 1028337
19 1062891
19 1107785
21 1116019
21 1163013
21 1200795
21 1249937
21 1273791
21 1325129
21 1366283
21 1419865
23 1426863
23 1482737
23 1527407
23 1585621
23 1613063
23 1673665
23 1721995
23 1785033
25 1790447
25 1855969
25 1908103
25 1976157
25 2007427
25 2078061
25 2134143
25 2207405
27 2210887
27 2286825
27 2346999
27 2425661
27 2460999
27 2542433
27 2606843
27 2691097
29 2692299
29 2779421
29 2848211
29 2938249
29 2977895
29 3070897
29 3144211
29 3240225
31 3238799
31 3337873
31 3415855
31 3518037
31 3562231
31 3667569
31 3750363
31 3858905
33 3854503
33 3966297
33 4054047
33 4169141
33 4218123
33 4336565
33 4429415
33 4551253
35 4543527
35 4668809
35 4766903
35 4895677
35 4949687
35 5082001
35 5185483
35 5321385
37 5309987
37 5449525
37 5558539
37 5701761
37 5761039
37 5907993
37 6022683
37 6173417
19 6091800
19 6246362
19 6366872
19 6525310
19 6590096
19 6752458
19 6878932
19 7045266
19 7025480
19 7195834
19 7328416
19 7502838
19 7573372
19 7751910
19 7890744
19 8073446
21 7951532
21 8138446
21 8283676
21 8474850
21 8551372
21 8746854
21 8898624
21 9098462
21 9068896
21 9273138
21 9431592
21 9640286
21 9723036
21 9936230
21 10101512
21 10319254
23 10153936
23 10376274
23 10548528
23 10775510
23 10864728
23 11096402
23 11275772
23 11512186
23 11471448
23 11712650
23 11899280
23 12145318
23 12241244
23 12492166
23 12686200
23 12942054
25 12727824
25 12988658
25 13190240
25 13456102
25 13558976
25 13829914
25 14039188
25 14315250
25 14261948
25 14543182
25 14760292
25 15046746
25 15156808
25 15448530
25 15673620
25 15970658
27 15702008
27 16004410
27 16237624
27 16545438
27 16662928
27 16976202
27 17217684
27 17536466
27 17469208
27 17793546
27 18043440
27 18373382
27 18498540
27 18834134
27 19092584
27 19433878
29 19105300
29 19452342
29 19719492
29 20072330
29 20205396
29 20564078
29 20840072
29 21204646
29 21122040
29 21492554
29 21777536
29 22154038
29 22295252
29 22677790
29 22971904
29 23360526
31 22966512
31 23361266
31 23664656
31 24065590
31 24215192
31 24622354
31 24935164
31 25348602
31 25249256
31 25669018
31 25991392
31 26417526
31 26575756
31 27008310
31 27340392
31 27779414
33 27314456
33 27759994
33 28101928
33 28554030
33 28721128
33 29179842
33 29531772
33 29997146
33 29879668
33 30351750
33 30713820
33 31192658
33 31368864
33 31854506
33 32226860
33 32719354
35 32177944
35 32677338
35 33060120
35 33566462
35 33752016
35 34265354
35 34658708
35 35179090
35 35042088
35 35569562
35 35973632
35 36508246
35 36703388
35 37245190
35 37660120
35 38209158
37 37585788
37 38142110
37 38568044
37 39131698
37 39336668
37 39907702
37 40344784
37 40923246
37 40765328
37 41351266
37 41799640
37 42393102
37 42608140
37 43209174
37 43668984
37 44277638
19 43103407
19 43719729
19 44191119
19 44815157
19 45040503
19 45672305
19 46155419
19 46795033
19 46614807
19 47262281
19 47757263
19 48412645
19 48648539
19 49311877
19 49818871
19 50490213
19 49686399
19 50365793
19 50884943
19 51572437
19 51819119
19 52514761
19 53046211
19 53750049
19 53546123
19 54258205
19 54802099
19 55522473
19 55780183
19 56508897
19 57065379
19 57802481
21 56218299
21 56963837
21 57533051
21 58287073
21 58556051
21 59318605
21 59900695
21 60671829
21 60442811
21 61222573
21 61817683
21 62606121
21 62886607
21 63683769
21 64292043
21 65097977
21 64091687
21 64906441
21 65528023
21 66351645
21 66643879
21 67476417
21 68111451
21 68952953
21 68697451
21 69547965
21 70196595
21 71056169
21 71360391
21 72229073
21 72891443
21 73769281
23 71741111
23 72628153
23 73304407
23 74200701
23 74517151
23 75422745
23 76113027
23 77027969
23 76744591
23 77668929
23 78373383
23 79307165
23 79636083
23 80579357
23 81298127
23 82250941
23 81020143
